0
32
1 1
0 0
0 0
448 0

33
26 1
4 19
1 18
384 0

34
51 1
7 6
0 19
512 0

35
76 1
14 14
1 14
1024 0

36
101 1
12 20
1 19
896 0

37
126 1
15 10
0 14
1024 0

38
151 1
16 18
1 18
1088 0

39
176 1
4 6
0 19
256 0

40
201 1
5 23
0 19
320 0

41
1 26
5 23
1 19
448 0

42
26 26
7 6
1 11
512 0

43
51 26
9 9
1 14
640 0

44
76 26
4 5
0 3
320 0

45
101 26
9 3
1 11
640 0

46
126 26
3 4
1 3
320 0

47
151 26
12 18
0 18
768 0

48
176 26
14 18
1 18
1024 0

49
201 26
9 18
1 18
640 0

50
1 51
14 18
1 18
1024 0

51
26 51
14 18
1 18
1024 0

52
51 51
16 18
0 18
1088 0

53
76 51
14 18
1 18
1088 0

54
101 51
14 18
1 18
1088 0

55
126 51
14 18
1 18
1024 0

56
151 51
14 18
1 18
1024 0

57
176 51
14 18
1 18
1024 0

58
201 51
3 13
1 12
320 0

59
1 76
4 14
0 12
320 0

60
26 76
8 12
1 16
640 0

61
51 76
9 7
1 13
640 0

62
76 76
8 12
1 16
640 0

63
101 76
11 19
0 18
768 0

64
126 76
8 10
1 13
640 0

65
151 76
14 18
1 18
1024 0

66
176 76
14 18
1 18
1024 0

67
201 76
14 18
1 18
1024 0

68
1 101
14 18
1 18
1024 0

69
26 101
12 18
1 18
896 0

70
51 101
12 18
1 18
896 0

71
76 101
14 18
1 18
1088 0

72
101 101
13 18
1 18
1024 0

73
126 101
3 18
1 18
320 0

74
151 101
14 18
1 18
1088 0

75
176 101
14 18
1 18
1024 0

76
201 101
12 18
1 18
832 0

77
1 126
17 18
1 18
1216 0

78
26 126
14 18
1 18
1088 0

79
51 126
14 18
1 18
1024 0

80
76 126
14 18
1 18
960 0

81
101 126
14 21
1 18
1024 0

82
126 126
14 18
1 18
1024 0

83
151 126
13 18
1 18
960 0

84
176 126
14 18
1 18
1024 0

85
201 126
14 18
1 18
1088 0

86
1 151
14 18
1 18
960 0

87
26 151
23 18
1 18
1536 0

88
51 151
17 18
1 18
1152 0

89
76 151
14 18
1 18
1024 0

90
101 151
14 18
1 18
1024 0

91
126 151
6 22
1 19
448 0

92
151 151
12 18
0 18
768 0

93
176 151
6 22
1 19
512 0

95
201 151
14 3
0 -2
896 0

96
1 176
5 3
4 18
768 0

97
26 176
14 14
1 14
1088 0

98
51 176
14 18
1 18
1024 0

99
76 176
14 14
1 14
1024 0

100
101 176
14 18
1 18
1024 0

101
126 176
14 14
1 14
1088 0

102
151 176
6 18
1 18
512 0

103
176 176
14 19
1 14
1088 0

104
201 176
14 18
1 18
1088 0

105
1 201
3 14
1 14
320 0

106
26 201
6 19
1 14
512 0

107
51 201
14 14
1 14
1024 0

108
76 201
3 18
1 18
384 0

109
101 201
20 14
1 14
1408 0

110
126 201
13 14
1 14
1024 0

111
151 201
14 14
1 14
1024 0

112
176 201
14 19
1 14
1088 0

113
201 201
14 19
1 14
1088 0

114
1 226
13 14
1 14
960 0

115
26 226
13 14
1 14
960 0

116
51 226
6 18
1 18
448 0

117
76 226
14 14
1 14
1088 0

118
101 226
14 14
1 14
960 0

119
126 226
23 14
1 14
1536 0

120
151 226
17 14
1 14
1152 0

121
176 226
14 20
0 14
960 0

122
201 226
14 14
1 14
1024 0

124
1 251
3 22
1 18
320 0

